Таблица 1.7. Температура воды, ºС 2018 г.
13. 19802. р. Урал - г. Атырау
Месяц
Число
1 2 3 4 5 6 7 8 9 10 11 12
1 0.9 12.6 16.8 26.5 26.2 21.9 16.6 9.4
2 2.1 13.5 17.5 26.8 25.0 21.4 16.2 9.0
3 3.4 14.5 18.1 26.8 24.5 21.4 16.1 8.2
4 3.9 15.2 18.9 26.9 24.4 20.9 16.1 7.8
5 3.9 15.3 19.6 26.9 24.1 20.8 16.0 7.5
6 3.7 14.9 20.2 26.9 23.7 20.7 15.7 7.6
7 3.7 14.6 20.6 26.7 23.4 20.6 15.1 7.1
8 3.7 15.5 21.1 26.5 23.6 20.3 14.7 6.8
9 3.9 16.2 20.8 26.7 23.1 20.4 14.3 6.2
10 5.9 16.5 20.9 27.0 22.9 20.2 14.5 5.5
11 7.1 16.9 20.2 26.8 23.2 20.2 14.2 4.0
12 7.3 17.0 20.4 26.4 23.2 20.0 13.9 2.8
13 7.0 17.3 20.3 26.4 23.2 19.9 13.5 1.7
14 7.3 17.5 21.2 26.6 23.3 19.8 13.1 1.2
15 7.8 18.2 22.0 26.6 23.3 19.6 12.5 1.4
16 - 8.2 18.6 22.5 26.8 23.2 19.3 12.1 1.0
17 - 8.5 19.1 22.2 26.0 23.0 19.1 11.9 0.8
18 - 9.1 19.6 22.6 26.0 23.1 18.7 11.8 0.5
19 - 9.5 20.0 22.8 26.4 22.8 18.3 11.4 0.2
20 - 9.9 20.5 23.1 26.4 22.5 18.0 11.4 0.1
21 0.1 9.9 21.4 23.6 26.3 22.6 18.3 11.2 -
22 0.2 10.1 21.4 23.9 26.7 22.7 18.1 11.3 -
23 0.4 10.2 21.2 24.2 26.2 23.4 18.0 11.0 -
24 0.6 9.4 21.5 24.5 25.3 23.1 18.0 11.2
25 0.9 9.1 21.4 25.0 24.9 22.9 17.8 11.3
26 1.1 9.5 19.9 25.3 26.3 22.5 17.9 11.3
27 1.3 9.9 18.0 25.7 26.2 22.2 17.5 11.1
28 1.7 10.3 15.5 26.0 25.0 22.0 17.3 10.8
29 2.3 10.6 14.8 26.0 25.7 22.2 17.1 10.9
30 2.3 11.5 14.7 26.1 25.9 22.4 16.9 10.5
31 1.5 17.3 26.4 21.9 10.0
декада
1 3.5 14.9 19.5 26.8 24.1 20.9 15.5 7.5
2 - 8.2 18.5 21.7 26.4 23.1 19.3 12.6 1.4
3 1.1 10.1 18.8 25.0 25.9 22.5 17.7 11.0 -
средн. - 7.2 17.4 22.1 26.4 23.2 19.3 13.0 -
Дата перехода температуры Наибольшая температура за год
весной через осенью через дата
температура, °С дата начала число случаев
0.2° 10° 10° 0.2° окончания
23.03 28.04 01.11 20.11 28.7 05.07 1
179