ТАБЛИЦА 1.3. РАСХОД ВОДЫ, КУБ М/С. ФОРМА А. ВЫП. 04 2018
13. 19802. р. Урал - г. Атырау
W = 7.58 куб.км M = 1.02 л/(с*кв.км) H = 32 мм F = 236000 кв.км
Месяц
Число
1 2 3 4 5 6 7 8 9 10 11 12
1 214 236 219 222 413 328^ 279 235 220 199 186 152^
2 211 246^ 216 235 415 310 282 233 212 194 182 148
3 206 240 215 252 417^ 325 305^ 235 224 201 188 140
4 201 239 222 255 408 329 294 231 235 210 206 143
5 198_ 237 230 263 399 329 278 230 222 214 211 142
6 198 239 233 270 398 329 260 248 218 222 198 139
7 199_ 236 238 275 392 322 245 272^ 208 229 188 134
8 210 238 245 273 387 307 252 275 194 242 203 130
9 219 238 247 255 383 306 266 262 192_ 248 217 129
10 224 228 246^ 245 377 309 270 237 197 244^ 217^ 127
11 230 228 243 251 380 306 267 217 200 226 193 130
12 232^ 229 240 249 373 304 261 232 198 214 161 135
13 222 225 236 228 374 300 262 238 210 204 147 140
14 209 220 230 217 373 298 252 233 231 214 149 140
15 204 220 232 205 372 304 251 238 236 206 152 140
16 210 230 236 205_ 371 299 235_ 232 233 203 145 140
17 221 230 231 217 373 285 251 232 230 226 139 133
18 221 233 230 256 377 280 270 232 225 236 137_ 126
19 216 232 230 305 379 276 272 216 225 220 142 121
20 215 230 224 331 379 286 250 192_ 232 218 153 120
21 211 226 218 342 377 303 245 212 238 214 169 118_
22 218 225 225 359 368 300 243 233 238^ 201 182 120
23 228 221 237 373 360 297 263 237 232 197_ 199 126
24 231 215_ 237 389 359 293 273 224 226 214 204 127
25 231 217 231 399 353 288 266 222 214 220 202 125
26 225 221 231 414 338 288 263 230 201 210 193 122
27 222 224 244 416^ 323_ 280 250 219 193_ 213 190 125
28 216 224 242 411 328 278 244 214 207 231 192 120
29 221 238 408 331 274 248 216 218 242 190 123
30 223 222 404 329 272_ 242 231 208 223 169 124
31 224 211_ 341 236 230 203 123
Декада
1 208 238 231 255 399 319 273 246 212 220 200 138
2 218 228 233 246 375 294 257 226 222 217 152 133
3 223 222 231 392 346 287 252 224 218 215 189 123
Средн. 216 230 232 297 372 300 260 232 217 217 180 131
Наиб. 234 248 248 419 419 335 306 285 241 249 220 153
Наим. 197 214 208 201 323 270 231 185 191 191 135 117
Наибольший Наименьш. периода открытого русла Наименьший зимнего периода
д Средний
о
и р расход дата число дата число дата число
е П воды расход первая последн. случ. расход первая последн. случ. расход первая последн. случ.
За год 240 419 27.04 03.05 2 159 12.11 1 197 05.01 07.01 2
1950-
247 1980 24.05 30.05.94 7 11.9 04.09 07.09.77 4 6.51 05.02.78 1
2018 (44)
85