Таблица 1.7. Температура воды, ºС 2019 г.
13. 19802. р. Урал - г. Атырау
Месяц
Число
1 2 3 4 5 6 7 8 9 10 11 12
1 6.0 12.7 22.9 22.3 22.7 19.0 12.8 6.9
2 6.6 12.8 24.0 23.0 21.6 19.2 13.0 5.6
3 7.0 13.8 23.9 23.6 21.6 18.6 13.0 5.0
4 7.2 14.3 24.3 23.5 21.8 18.1 12.9 4.3
5 7.5 15.5 21.1 23.9 22.5 18.7 12.8 4.6
6 7.5 16.2 22.4 23.2 21.6 18.3 12.4 4.5
7 7.8 16.6 22.6 24.2 21.5 18.6 12.2 4.3
8 8.5 18.0 21.7 24.4 21.8 18.7 11.7 4.2
9 9.6 19.4 23.3 24.9 23.6 18.8 11.5 5.2
10 10.1 20.6 23.2 25.3 23.6 18.2 11.0 4.9
11 0.1 10.4 21.4 23.7 24.9 23.1 19.3 11.6 4.4
12 0.2 10.9 21.9 24.8 25.3 21.1 18.7 11.9 4.5
13 0.4 11.1 22.1 25.9 24.7 20.8 19.5 11.6 4.4
14 0.4 11.9 21.3 20.5 23.4 21.8 19.2 12.0 4.4
15 0.6 12.3 19.8 21.7 24.1 22.4 19.2 12.1 3.8
16 1.1 12.4 20.0 22.7 24.4 22.9 18.8 11.8 3.7
17 1.6 10.3 20.8 23.6 23.5 22.9 18.9 11.2 3.3
18 2.0 7.8 19.7 23.7 24.1 24.2 19.6 11.4 2.8
19 2.5 7.6 18.1 24.9 24.2 24.1 19.3 11.2 3.0
20 3.4 7.4 17.3 25.6 24.7 24.2 18.5 11.3 2.7
21 3.3 8.5 17.2 25.1 24.6 24.7 16.8 10.3 1.1
22 3.5 9.6 17.4 26.0 24.9 24.9 15.1 10.1 0.0
23 4.1 10.3 16.7 26.0 24.4 24.4 15.0 9.8
24 5.0 10.7 17.4 26.9 23.9 24.0 14.7 10.3
25 5.2 11.2 18.4 27.0 23.7 24.2 14.2 10.5
26 5.8 12.2 19.8 25.5 24.0 23.3 12.7 10.3
27 6.1 12.6 20.1 24.6 22.4 21.8 12.2 10.4
28 6.3 12.7 20.9 24.8 23.3 22.4 12.6 10.3
29 6.3 13.1 21.2 25.4 24.2 20.6 12.6 10.3
30 5.7 12.4 21.9 24.8 24.9 19.2 12.6 9.8
31 5.7 22.6 24.0 18.9 9.0
декада
1 7.8 16.0 22.9 23.8 22.2 18.6 12.3 5.0
2 1.2 10.2 20.2 23.7 24.3 22.8 19.1 11.6 3.7
3 5.2 11.3 19.4 25.6 24.0 22.6 13.9 10.1 -
средн. - 9.8 18.6 24.1 24.1 22.5 17.2 11.3 -
Дата перехода температуры Наибольшая температура за год
весной через осенью через дата
температура, °С дата начала число случаев
0.2° 10° 10° 0.2° окончания
13.03 23.04 30.10 22.11 28.2 24.06 - 1