Таблица 1.7. Температура воды, ºС 2022 г.
13. 19802. р. Урал - г. Атырау
Месяц
Число
1 2 3 4 5 6 7 8 9 10 11 12
1 2.5 5.1 11.7 19.5 23.7 26.0 23.9 16.6 6.7 0.1
2 3.1 8.4 11.2 20.4 23.2 25.7 23.7 15.8 6.0 0.1
3 2.2 9.6 11.8 20.9 22.2 25.9 23.2 14.8 5.8 0.0
4 3.3 8.6 12.0 22.4 21.4 25.8 22.7 15.7 5.0
5 1.7 5.7 13.2 21.9 21.6 25.9 22.0 13.3 4.8
6 0.7 6.5 11.6 22.9 21.5 25.8 21.8 13.2 4.8
7 0.6 7.2 11.9 21.7 22.1 25.9 20.7 13.3 4.4
8 1.2 8.3 10.2 21.8 23.2 26.3 20.1 12.9 4.5
9 2.3 8.9 10.8 22.1 24.2 25.6 19.8 12.9 3.8
10 2.3 9.8 11.5 22.3 24.5 26.0 18.8 13.1 4.0
11 1.5 9.9 10.9 22.7 25.4 26.0 18.4 13.8 3.9
12 1.4 12.2 12.8 23.0 25.7 26.3 17.3 13.4 3.8
13 1.4 12.5 13.5 21.6 26.5 26.2 18.2 13.4 5.2
14 1.2 9.1 15.2 22.5 26.4 25.9 18.5 12.6 5.8
15 1.6 7.7 15.2 23.1 26.3 26.2 17.2 11.8 2.9
16 1.7 9.4 15.6 22.9 26.6 26.6 17.5 11.4 2.3
17 1.8 10.4 15.7 23.1 26.6 26.3 17.9 11.1 4.0
18 1.6 9.7 14.1 22.8 26.7 25.5 18.3 11.6 4.5
19 0.9 12.1 15.3 23.0 25.9 24.9 18.8 11.6 5.0
20 1.1 13.6 16.5 23.8 24.9 24.1 17.9 11.8 5.8
21 - 1.8 14.8 14.4 24.0 25.9 23.9 17.8 11.6 5.0
22 0.1 2.2 12.4 13.4 24.2 24.9 24.5 18.1 10.7 5.5
23 0.5 1.9 11.1 16.5 24.2 26.1 23.3 18.0 10.0 5.9
24 1.0 2.5 11.9 15.5 24.3 25.3 23.7 18.5 9.1 3.0
25 1.8 2.8 12.8 15.3 24.2 25.1 23.7 17.5 9.7 3.9
26 2.5 2.9 13.8 15.7 25.0 25.8 23.4 17.3 9.1 3.2
27 2.1 3.4 15.2 15.7 24.6 25.0 22.9 17.2 8.2 2.4
28 1.6 2.2 16.5 16.6 24.5 24.8 23.0 17.0 7.7 2.1
29 2.2 15.5 18.4 23.7 25.5 23.6 17.3 6.9 0.6
30 3.8 14.0 19.9 23.4 26.1 24.1 17.3 7.1 0.3
31 4.9 19.5 25.6 23.8 7.8
декада
1 2.0 7.8 11.6 21.6 22.8 25.9 21.7 14.2 5.0 -
2 1.4 10.7 14.5 22.9 26.1 25.8 18.0 12.3 4.3
3 1.4 2.8 13.8 16.4 24.2 25.5 23.6 17.6 8.9 3.2
средн. - 2.1 10.8 14.2 22.9 24.8 25.1 19.1 11.7 4.2 -
Дата перехода температуры Наибольшая температура за год
весной через осенью через дата
температура, °С дата начала число случаев
0.2° 10° 10° 0.2° окончания
23.02 19.04 24.10 01.12 27.8 17.07 1